1.486826226871998551e+04
7.583909516809452725e+03
1.742599399050035936e+04
4.369773163529996964e+03
1.291276569833343092e+04
2.967041789362223790e+04
-6.984242498910291943e+03
1.647393059846262986e+04
3.785311408287342783e+04
-1.795356837845118207e+04
1.895251900773385569e+04
4.354830917016946478e+04
-2.829258543470183940e+04
2.073635270554132148e+04
4.764712778675798472e+04
-3.799232336548769672e+04
2.204227527733107854e+04
5.064782204377098969e+04
-4.709913910435001890e+04
2.300025556702985341e+04
5.284903378602340672e+04
-5.566809942733470234e+04
2.369362888412860775e+04
5.444224190541783173e+04
-6.375059930521500792e+04
2.417887344007774664e+04
5.555721591715989052e+04
-7.139158691030957561e+04
2.449601351963630805e+04
5.628592316138750175e+04
-7.862959365880428231e+04
2.467445964805024414e+04
5.669594734687005257e+04
-8.549751369227243413e+04
2.473647844169086602e+04
5.683845782346720080e+04
-9.202347708863178559e+04
2.469936802501255443e+04
5.675318712917198718e+04
-9.823168439146394667e+04
2.457682771571918056e+04
5.647161788705286017e+04
-1.041430638185360149e+05
2.437991613989076723e+04
5.601916080053320184e+04
-1.097758295196223335e+05
2.411769479734685956e+04
5.541664178363857354e+04
-1.151459155802775931e+05
2.379770187164290837e+04
5.468137431339899194e+04
-1.202673481901257037e+05
2.342627577723618379e+04
5.382791732701835281e+04
-1.251525627878360538e+05
2.300877844061087671e+04
5.286862000940978032e+04
-1.298125685477091320e+05
2.254985589558481297e+04
5.181412458828331000e+04
-1.342572248113809328e+05
2.205350008068714669e+04
5.067361347447568551e+04
-1.384953766314617533e+05
2.152318528162597795e+04
4.945508955296502245e+04
-1.425349352563132707e+05
2.096200850099583477e+04
4.816562962921605504e+04
-1.463830991539916431e+05
2.037264937973856286e+04
4.681143427420450462e+04
-1.500463247903519368e+05
1.975754889078286578e+04
4.539807879053241049e+04
-1.535305025827893987e+05
1.911885779576102868e+04
4.393052032294846140e+04
-1.568409681385190052e+05
1.845852968206523292e+04
4.241323892612512282e+04
-1.599825957500339719e+05
1.777831542945662659e+04
4.085027169207856787e+04
-1.629598175563639379e+05
1.707981869010140508e+04
3.924530123539564374e+04
-1.657766654104622721e+05
1.636451770501758801e+04
3.760170517745892721e+04
-1.684368494637297408e+05
1.563374132738617118e+04
3.592255552381573216e+04
-1.709437516137476778e+05
1.488872261577260360e+04
3.421069210007535003e+04
-1.733004307418503740e+05
1.413063428960497185e+04
3.246877497298756862e+04
-1.755097395103904710e+05
1.336050726813080473e+04
3.069921758349423544e+04
-1.775742353725070716e+05
1.257935045075551170e+04
2.890431915574472805e+04
-1.794962405643729435e+05
1.178811763573567441e+04
2.708624260764754945e+04
-1.812779155463633942e+05
1.098765766235823867e+04
2.524697431588459949e+04
-1.829211979747166915e+05
1.017879615341174394e+04
2.338841433195432910e+04
-1.844278200730236131e+05
9.362336371231082012e+03
2.151238474410223353e+04
-1.857993666387649137e+05
8.539017272761540880e+03
1.962059442164135544e+04
-1.870372485282311973e+05
7.709554190004359043e+03
1.771468569456856130e+04
-1.881427295648918080e+05
6.874624418297777993e+03
1.579622535770560535e+04
-1.891168962001894542e+05
6.034908575874124836e+03
1.386675095358969156e+04
-1.899607420497591374e+05
5.191015774718458488e+03
1.192770045196358842e+04
-1.906750664763604582e+05
4.343593569705878508e+03
9.980526360161689809e+03
-1.912605832847079728e+05
3.493226738107037818e+03
8.026598375300700354e+03
-1.917178415087342437e+05
2.640523008284379557e+03
6.067292749072972583e+03
-1.920472710236185812e+05
1.786073089193988153e+03
4.103955763274857418e+03
-1.922492253714001272e+05
9.304126824610241329e+02
2.137869040073675023e+03
-1.923238485299261811e+05
7.415980617172948541e+01
1.703900551271154029e+02
-1.922712482794497337e+05
-7.821551753790644170e+02
-1.797214715602094202e+03
-1.920913638423017401e+05
-1.637954452112053332e+03
-3.763631616412575568e+03
-1.917840228594296786e+05
-2.492667631646665541e+03
-5.727551598442566501e+03
-1.913489385095523321e+05
-3.345727348419271948e+03
-7.687662720642229942e+03
-1.907856752429601620e+05
-4.196534074532160957e+03
-9.642611786375751763e+03
-1.900936903940105403e+05
-5.044497387351044381e+03
-1.159104233439233030e+04
-1.892723480469565256e+05
-5.889050066173250343e+03
-1.353160531798885495e+04
-1.883208111033229798e+05
-6.729540970518415634e+03
-1.546284838331478932e+04
-1.872381346112198662e+05
-7.565329771507747864e+03
-1.738330677258854485e+04
-1.860232613369384198e+05
-8.395784534698392235e+03
-1.929149679965414907e+04
-1.846749586273610767e+05
-9.220221228222744685e+03
-2.118585091420416575e+04
-1.831918432489295956e+05
-1.003793187508407937e+04
-2.306474100780561275e+04
-1.815723472973438329e+05
-1.084815448533012386e+04
-2.492644302160682491e+04
-1.798147675970426935e+05
-1.165012723796282626e+04
-2.676918523724254555e+04
-1.779172116597804416e+05
-1.244304004297062966e+04
-2.859109327756479615e+04
-1.758775474282375944e+05
-1.322599078197371819e+04
-3.039013899287914683e+04
-1.736935110030041833e+05
-1.399810051128698069e+04
-3.216424737006941359e+04
-1.713625406824728416e+05
-1.475835605700657288e+04
-3.391112971842144907e+04
-1.688818706537404796e+05
-1.550571345683563413e+04
-3.562837637434954377e+04
-1.662484542642616434e+05
-1.623903231376921394e+04
-3.731337873149006919e+04
-1.634589945270082389e+05
-1.695711887099115120e+04
-3.896335808851499314e+04
-1.605098257508261013e+05
-1.765862188014612548e+04
-4.057524499556425144e+04
-1.573969670566352725e+05
-1.834210223069439598e+04
-4.214572958052329341e+04
-1.541160725752573926e+05
-1.900600137230646214e+04
-4.367120727757876011e+04
-1.506623464624646003e+05
-1.964857693304917484e+04
-4.514768759092687105e+04
-1.470305304152566823e+05
-2.026791351590793056e+04
-4.657077289541014034e+04
-1.432148430126410094e+05
-2.086188832432137860e+04
-4.793558566389416956e+04
-1.392089231072408147e+05
-2.142814419141807593e+04
-4.923669505923944234e+04
-1.350057039088295423e+05
-2.196399700580087665e+04
-5.046796773641839536e+04
-1.305974219481319014e+05
-2.246648204269418420e+04
-5.162254451461483404e+04
-1.259753770760301850e+05
-2.293215558012065958e+04
-5.269255547243900219e+04
-1.211299240185808594e+05
-2.335713233161610333e+04
-5.366904878934547014e+04
-1.160502354532100144e+05
-2.373689824751800552e+04
-5.454166569209026784e+04
-1.107241610350863921e+05
-2.406622189747351877e+04
-5.529837462490312464e+04
-1.051379755262659310e+05
-2.433895488391871550e+04
-5.592504067773217685e+04
-9.927607442091690609e+04
-2.454777424151744708e+04
-5.640486223686096491e+04
-9.312069058551096532e+04
-2.468392984476553829e+04
-5.671770664762920205e+04
-8.665138244986410427e+04
-2.473672738520584608e+04
-5.683902784366704873e+04
-7.984458212046179688e+04
-2.469299718975249925e+04
-5.673854165115992510e+04
-7.267287459382689849e+04
-2.453614632688807251e+04
-5.637813579301525169e+04
-6.510425119696969341e+04
-2.424489086311233768e+04
-5.570891005880464218e+04
-5.710124409683792328e+04
-2.379127467282204452e+04
-5.466660249922559888e+04
-4.862003289883675461e+04
-2.313741989307354743e+04
-5.316420796546446218e+04
-3.961028130345662066e+04
-2.223029527721141494e+04
-5.107984844012614485e+04
-3.001707455040199784e+04
-2.099226588869202533e+04
-4.823515825830936956e+04
-1.979076080710522729e+04
-1.930354011614110277e+04
-4.435487104595627170e+04
-8.923978682854462022e+03
-1.696669404953353660e+04
-3.898536860501577758e+04
2.405858840436372702e+03
-1.363240809403590902e+04
-3.132398015940457844e+04
1.324474311798553026e+04
-8.671151575129975754e+03
-1.992421364298665503e+04
1.980423009133641608e+04
-1.423349568348569846e+03
-3.270513061687802747e+03
