4.777411280724420067e+03
8.292957215787295354e+03
1.905299505372230124e+04
-8.656982747530531924e+03
1.272292081471010351e+04
2.922755600466360920e+04
-2.116820930758949544e+04
1.536771733148676140e+04
3.530051059826833080e+04
-3.251926649194616039e+04
1.712336986437523956e+04
3.933089346797688631e+04
-4.288662528837839636e+04
1.834920499622640637e+04
4.214425856182445568e+04
-5.243826194240609038e+04
1.922168076593667865e+04
4.414600180151816312e+04
-6.130335380195510515e+04
1.984051454289583853e+04
4.556519786874158308e+04
-6.957962158877421462e+04
2.026774382177036023e+04
4.654434710979051306e+04
-7.734211143893528788e+04
2.054471078350956304e+04
4.717842038743576995e+04
-8.464961646004197246e+04
2.070045031881728210e+04
4.753409865208100382e+04
-9.154914393658515473e+04
2.075616269645492866e+04
4.766009587804303737e+04
-9.807889343959772668e+04
2.072788680002887850e+04
4.759321794524411234e+04
-1.042704752549142286e+05
2.062800121287432194e+04
4.736193666417707573e+04
-1.101502969136251486e+05
2.046637215091746111e+04
4.698886649565951666e+04
-1.157407973940203665e+05
2.025089853357832544e+04
4.649219443510498240e+04
-1.210611344627516373e+05
1.998810637586099620e+04
4.588688279140329541e+04
-1.261278668708595796e+05
1.968341086285750862e+04
4.518536120494898205e+04
-1.309554248083359998e+05
1.934135536215795219e+04
4.439807678332994692e+04
-1.355564628156341496e+05
1.896580088510791029e+04
4.353391340923997632e+04
-1.399421072700738732e+05
1.856009966307210561e+04
4.260053824231290491e+04
-1.441222512415192905e+05
1.812713169818550523e+04
4.160457049354648188e+04
-1.481057126366119483e+05
1.766941069387045718e+04
4.055178993189157336e+04
-1.519003951240288734e+05
1.718913590225189546e+04
3.944726935173924721e+04
-1.555133498220188776e+05
1.668830360496593494e+04
3.829555016993862955e+04
-1.589509884971763822e+05
1.616863614155416326e+04
3.710062299658814300e+04
-1.622190629881779023e+05
1.563172027420427185e+04
3.586610784468374186e+04
-1.653228120794668794e+05
1.507895860487864593e+04
3.459523982920283743e+04
-1.682669704058667703e+05
1.451164326094759599e+04
3.329097117605995300e+04
-1.710558696427134564e+05
1.393092454318083946e+04
3.195596345478195144e+04
-1.736934259470187244e+05
1.333788288208082668e+04
3.059267931870478787e+04
-1.761832414267408603e+05
1.273347815374048878e+04
2.920334853204857791e+04
-1.785285538871014724e+05
1.211864356423133540e+04
2.779007606358288831e+04
-1.807323753956353758e+05
1.149418473233655459e+04
2.635475332792110930e+04
-1.827973928029285162e+05
1.086091178165352540e+04
2.489920074517957255e+04
-1.847261189127094694e+05
1.021951652051805468e+04
2.342505398646136382e+04
-1.865207640573745302e+05
9.570725586340151494e+03
2.193392501569488013e+04
-1.881834176076041476e+05
8.915140546975604593e+03
2.042724911118222008e+04
-1.897159154344531999e+05
8.253389372424977410e+03
1.890644243674276731e+04
-1.911199244571574673e+05
7.586058502719452008e+03
1.737283951776774848e+04
-1.923969668904061546e+05
6.913683198182476190e+03
1.582768841613774566e+04
-1.935483939479614783e+05
6.236786666581731879e+03
1.427219418885505547e+04
-1.945753969248764333e+05
5.555880256232678221e+03
1.270752299573628443e+04
-1.954790203083456145e+05
4.871460243020149392e+03
1.113480244904699794e+04
-1.962602066940362856e+05
4.183971584623856870e+03
9.555088634067460589e+03
-1.969197206384852470e+05
3.493891638023073938e+03
7.969452844901287790e+03
-1.974582034547581570e+05
2.801681939823240100e+03
6.378936177268041320e+03
-1.978762300088376214e+05
2.107737081636130370e+03
4.784501047851620569e+03
-1.981741719583525555e+05
1.412526313891058408e+03
3.187175307052977132e+03
-1.983523401629472210e+05
7.164552109399463689e+02
1.587916308452555313e+03
-1.984108857144495996e+05
1.996800014424309211e+01
-1.228443418766130257e+01
-1.983498900309989695e+05
-6.765398484829049721e+02
-1.612486379323112715e+03
-1.981692896900236374e+05
-1.372644415416056063e+03
-3.211720497348012941e+03
-1.978689045120471274e+05
-2.067919996437331520e+03
-4.809013681645289580e+03
-1.974484384970919928e+05
-2.761939225800353142e+03
-6.403386592729112635e+03
-1.969074653030188347e+05
-3.454258339633323885e+03
-7.993836591938752463e+03
-1.962454828099034494e+05
-4.144472123768055098e+03
-9.579390282348960682e+03
-1.954618070073046838e+05
-4.832108790494714412e+03
-1.115899587320314095e+04
-1.945556528004560096e+05
-5.516712395697429201e+03
-1.273160294881262598e+04
-1.935261128548573761e+05
-6.197823939437663284e+03
-1.429614075142858201e+04
-1.923721099042804854e+05
-6.874936607350367012e+03
-1.585147039799841514e+04
-1.910924745733354357e+05
-7.547577245925839634e+03
-1.739646308154110011e+04
-1.896858273337800347e+05
-8.215192743422823696e+03
-1.892988288047693641e+04
-1.881506509866242704e+05
-8.877227773029457239e+03
-2.045046057661201121e+04
-1.864852911272355414e+05
-9.533131433750446377e+03
-2.195689595207804086e+04
-1.846878725102151220e+05
-1.018228079990700826e+04
-2.344777649950768318e+04
-1.827563289274762792e+05
-1.082401910528144617e+04
-2.492161018074207823e+04
-1.806884315860447241e+05
-1.145769368279634182e+04
-2.637685724670560376e+04
-1.784816883429955051e+05
-1.208256617733775602e+04
-2.781183350598957986e+04
-1.761333488130126498e+05
-1.269783023827577745e+04
-2.922472009134082327e+04
-1.736404650995898701e+05
-1.330268667091507450e+04
-3.061362951159756631e+04
-1.709997354571909236e+05
-1.389620362739365555e+04
-3.197645533443739259e+04
-1.682075919394540833e+05
-1.447742322013337980e+04
-3.331096659248781361e+04
-1.652600713892574422e+05
-1.504525430887466428e+04
-3.461468630213733559e+04
-1.621528505058811279e+05
-1.559853267461651194e+04
-3.588493485457676434e+04
-1.588811980675893428e+05
-1.613600223966173871e+04
-3.711879136421164731e+04
-1.554398368161940307e+05
-1.665621054946302320e+04
-3.831296545754496765e+04
-1.518230097779033822e+05
-1.715761416065442972e+04
-3.946387420320185629e+04
-1.480243197894507321e+05
-1.763846377746288636e+04
-4.056749279734980519e+04
-1.440366380251959199e+05
-1.809676626308981940e+04
-4.161927451593784645e+04
-1.398520773530109145e+05
-1.853032101331595914e+04
-4.261413527146549313e+04
-1.354618111682101153e+05
-1.893661342156832688e+04
-4.354628260613281600e+04
-1.308558911569090415e+05
-1.931272150647169838e+04
-4.440904123229905963e+04
-1.260231597253499785e+05
-1.965533475065547464e+04
-4.519476867326922365e+04
-1.209509261677730246e+05
-1.996055842079520880e+04
-4.589452651824169880e+04
-1.156247253704802424e+05
-2.022382748193836233e+04
-4.649782025257595524e+04
-1.100279448416569794e+05
-2.043972258605415118e+04
-4.699218377300549764e+04
-1.041413245072838326e+05
-2.060170085977206327e+04
-4.736259671684530622e+04
-9.794238892939925427e+04
-2.070181102742112853e+04
-4.759076620361882669e+04
-9.140457145735561789e+04
-2.073016315138752907e+04
-4.765398297947668470e+04
-8.449617100446546101e+04
-2.067430265166021127e+04
-4.752360246275561803e+04
-7.717877003759137006e+04
-2.051811623614080236e+04
-4.716260859433012229e+04
-6.940513722027369658e+04
-2.024025920387585211e+04
-4.652194552177520382e+04
-6.111615673310049169e+04
-1.981151310314682632e+04
-4.553444870217581774e+04
-5.223631928687274922e+04
-1.919017925250791814e+04
-4.410430913031605451e+04
-4.266726195204534451e+04
-1.831363154074528575e+04
-4.208760824969298119e+04
-3.227894715667950004e+04
-1.708100988404697273e+04
-3.925256002006532799e+04
-2.090247067091189820e+04
-1.531331811867283795e+04
-3.518785845347750001e+04
-8.362595981631848190e+03
-1.264463655438432033e+04
-2.905267322582203997e+04
5.075722367218506406e+03
-8.157646186615407714e+03
-1.873919900870986385e+04
1.361116616531314685e+04
2.278683608363159010e+02
5.315639683961744595e+02
